0:[1431, 3214, 71, 168]
0:[1025, 3213, 241, 168]
0:[583, 3214, 89, 168]
0:[397, 3214, 186, 168]
0:[4227, 4338, 241, 71]
0:[1285, 4338, 241, 71]
1:[1635, 3211, 91, 168]
1:[4266, 3212, 140, 168]
1:[3859, 3213, 89, 168]
1:[2847, 3210, 180, 168]
1:[2903, 3378, 55, 168]
1:[4300, 4052, 228, 103]
1:[2944, 4053, 228, 103]
2:[800, 3216, 64, 168]
2:[4977, 3378, 39, 168]
2:[4995, 3210, 103, 168]
2:[42, 3213, 91, 168]
2:[1350, 3214, 81, 168]
2:[2958, 3378, 52, 168]
2:[3948, 3213, 26, 168]
2:[4207, 3547, 90, 141]
2:[4297, 3547, 90, 141]
3:[2722, 3210, 39, 175]
3:[2781, 3210, 20, 175]
3:[1311, 3210, 39, 175]
3:[2761, 3210, 20, 175]
3:[5099, 4440, 20, 39]
3:[3090, 4416, 20, 39]
4:[358, 3207, 39, 181]
4:[3183, 3204, 13, 181]
4:[319, 3207, 39, 181]
4:[1921, 3208, 13, 181]
4:[4192, 4455, 13, 39]
4:[3257, 4458, 13, 39]
5:[2436, 3204, 39, 188]
5:[2475, 3204, 13, 188]
5:[1227, 3024, 39, 188]
5:[1266, 3024, 13, 188]
5:[1574, 4459, 13, 39]
5:[3270, 4458, 13, 39]
6:[690, 3022, 39, 192]
6:[960, 3024, 16, 192]
6:[651, 3022, 39, 192]
6:[976, 3024, 16, 192]
6:[3090, 4455, 16, 39]
6:[4941, 4450, 16, 39]
7:[5041, 3823, 48, 112]
7:[677, 3829, 45, 112]
7:[4685, 3823, 48, 112]
7:[632, 3829, 45, 112]
7:[2734, 4415, 48, 45]
7:[2782, 4415, 48, 45]
8:[937, 3544, 45, 144]
8:[2794, 3543, 45, 144]
8:[892, 3544, 45, 144]
8:[1570, 3542, 45, 144]
8:[2278, 4416, 45, 45]
8:[2323, 4416, 45, 45]
9:[672, 3216, 64, 168]
9:[1726, 3211, 42, 168]
9:[736, 3216, 64, 168]
9:[0, 3214, 42, 168]
9:[2904, 4458, 64, 42]
9:[3218, 4416, 64, 42]
10:[864, 3216, 64, 168]
10:[5105, 3210, 7, 168]
10:[928, 3216, 64, 168]
10:[5098, 3210, 7, 168]
10:[420, 4485, 64, 7]
10:[3283, 4488, 64, 7]
11:[1566, 3214, 64, 168]
11:[5112, 3210, 7, 168]
11:[1502, 3214, 64, 168]
11:[1266, 3212, 7, 168]
11:[484, 4485, 64, 7]
11:[356, 4485, 64, 7]
12:[2747, 0, 377, 320]
12:[2293, 1280, 148, 320]
12:[3338, 320, 246, 320]
12:[4391, 3544, 349, 141]
12:[2419, 3547, 349, 141]
13:[2152, 1920, 81, 320]
13:[3022, 1280, 141, 320]
13:[2661, 1600, 106, 320]
13:[1848, 960, 177, 320]
13:[2511, 3008, 135, 199]
13:[1635, 3012, 135, 199]
14:[787, 1280, 152, 320]
14:[5105, 1280, 10, 320]
14:[1353, 640, 213, 320]
14:[3543, 1920, 68, 320]
14:[4631, 4470, 218, 26]
14:[1031, 4467, 218, 26]
15:[2555, 1600, 106, 320]
15:[2025, 960, 174, 320]
15:[3291, 1600, 104, 320]
15:[4003, 640, 194, 320]
15:[3773, 3822, 228, 125]
15:[1075, 3823, 228, 125]
16:[3584, 320, 246, 320]
16:[2556, 1920, 80, 320]
16:[4324, 1280, 121, 320]
16:[229, 1600, 113, 320]
16:[402, 3025, 202, 189]
16:[1025, 3024, 202, 189]
17:[3807, 1920, 63, 320]
17:[1439, 2240, 32, 320]
17:[1131, 1600, 112, 320]
17:[1470, 1920, 88, 320]
17:[1895, 2240, 26, 320]
17:[2525, 3942, 96, 109]
17:[1517, 3934, 96, 109]
18:[1490, 960, 180, 320]
18:[3563, 1280, 132, 320]
18:[3028, 1920, 75, 320]
18:[4545, 1920, 58, 320]
18:[1026, 320, 266, 320]
18:[1790, 2240, 27, 320]
18:[3707, 1600, 103, 320]
18:[2022, 3688, 340, 135]
18:[2362, 3688, 340, 135]
19:[3328, 1920, 75, 320]
19:[1471, 2240, 32, 320]
19:[3187, 1600, 104, 320]
19:[3403, 1920, 70, 320]
19:[3408, 4345, 119, 68]
19:[3289, 4345, 119, 68]
20:[1972, 2240, 25, 320]
20:[3473, 1920, 70, 320]
20:[3744, 1920, 63, 320]
20:[2516, 4463, 68, 36]
20:[1587, 4459, 68, 36]
21:[1382, 1920, 88, 320]
21:[0, 669, 192, 320]
21:[1467, 1600, 111, 320]
21:[1012, 2240, 39, 320]
21:[1243, 4251, 189, 84]
21:[1054, 4251, 189, 84]
22:[4672, 0, 282, 320]
22:[1275, 2240, 35, 320]
22:[1578, 1600, 111, 320]
22:[3211, 640, 200, 320]
22:[4111, 1600, 98, 320]
22:[2160, 2240, 20, 320]
22:[632, 4054, 330, 100]
22:[3783, 4053, 330, 100]
23:[1019, 1600, 112, 320]
23:[3611, 1920, 68, 320]
23:[1649, 2240, 29, 320]
23:[3008, 640, 203, 320]
23:[3163, 1280, 134, 320]
23:[4964, 1920, 49, 320]
23:[2255, 2788, 154, 224]
23:[2101, 2788, 154, 224]
24:[3603, 1600, 104, 320]
24:[3178, 1920, 75, 320]
24:[4486, 1920, 59, 320]
24:[266, 2240, 44, 320]
24:[1407, 2240, 32, 320]
24:[907, 1600, 112, 320]
24:[2768, 3687, 148, 135]
24:[1109, 3687, 148, 135]
25:[3297, 1280, 134, 320]
25:[2368, 0, 379, 320]
25:[3953, 1280, 125, 320]
25:[4583, 640, 193, 320]
25:[1961, 3823, 378, 125]
25:[4307, 3823, 378, 125]
26:[1243, 1600, 112, 320]
26:[1869, 2240, 26, 320]
26:[4078, 1280, 125, 320]
26:[3748, 4345, 112, 68]
26:[3860, 4345, 112, 68]
27:[4197, 640, 193, 320]
27:[776, 2240, 41, 320]
27:[481, 1280, 153, 320]
27:[64, 4340, 180, 71]
27:[2473, 4344, 180, 71]
28:[3679, 1920, 65, 320]
28:[634, 1280, 153, 320]
28:[1310, 2240, 33, 320]
28:[3253, 1920, 75, 320]
28:[4048, 4413, 144, 52]
28:[1768, 4414, 144, 52]
29:[4917, 1280, 116, 320]
29:[4603, 1920, 56, 320]
29:[3103, 1920, 75, 320]
29:[1203, 2240, 36, 320]
29:[4180, 1920, 62, 320]
29:[2904, 4416, 164, 42]
29:[3531, 4416, 164, 42]
30:[4242, 1920, 62, 320]
30:[1503, 2240, 30, 320]
30:[46, 1949, 44, 320]
30:[1655, 4459, 55, 36]
30:[0, 4462, 55, 36]
31:[2069, 1920, 83, 320]
31:[4427, 1920, 59, 320]
31:[1166, 2240, 37, 320]
31:[701, 4467, 80, 29]
31:[2103, 4466, 80, 29]
32:[1129, 2240, 37, 320]
32:[4307, 1600, 98, 320]
32:[3994, 1920, 62, 320]
32:[4957, 4407, 71, 68]
32:[5028, 4407, 71, 68]
33:[2441, 1280, 147, 320]
33:[3870, 1920, 62, 320]
33:[1562, 2240, 29, 320]
33:[1310, 960, 180, 320]
33:[244, 4340, 180, 71]
33:[424, 4340, 180, 71]
34:[4390, 0, 282, 320]
34:[1375, 2240, 32, 320]
34:[760, 320, 266, 320]
34:[2095, 2240, 24, 320]
34:[4343, 4470, 288, 26]
34:[3738, 4468, 288, 26]
35:[568, 1600, 113, 320]
35:[3810, 1600, 103, 320]
35:[1343, 2240, 32, 320]
35:[2977, 1600, 105, 320]
35:[3564, 4053, 116, 103]
35:[3172, 4053, 116, 103]
36:[2872, 1600, 105, 320]
36:[1678, 2240, 28, 320]
36:[3082, 1600, 105, 320]
36:[5105, 960, 10, 320]
36:[3090, 4252, 90, 84]
36:[3540, 4252, 90, 84]
37:[2767, 1600, 105, 320]
37:[2140, 2240, 20, 320]
37:[4203, 1280, 121, 320]
37:[2960, 4156, 74, 96]
37:[3034, 4156, 74, 96]
38:[455, 1600, 113, 320]
38:[2403, 2240, 17, 320]
38:[4013, 1600, 98, 320]
38:[0, 4250, 64, 93]
38:[4143, 4249, 64, 93]
39:[0, 3382, 148, 160]
39:[2639, 3386, 71, 160]
39:[3196, 3384, 213, 160]
39:[4569, 3384, 80, 160]
39:[4468, 4338, 212, 71]
39:[824, 4338, 212, 71]
40:[2889, 3018, 98, 192]
40:[2436, 3012, 75, 192]
40:[3032, 3012, 174, 192]
40:[4574, 3016, 141, 192]
40:[3938, 3021, 39, 192]
40:[3522, 3016, 124, 192]
40:[3206, 3016, 167, 192]
40:[2103, 3012, 333, 196]
40:[1770, 3012, 333, 196]
41:[2513, 2560, 132, 224]
41:[2625, 2784, 29, 224]
41:[1934, 2788, 167, 224]
41:[1174, 2800, 32, 224]
41:[2097, 4052, 141, 103]
41:[4528, 4052, 141, 103]
42:[1279, 3210, 32, 176]
42:[4430, 3208, 104, 176]
42:[3196, 3208, 124, 176]
42:[4195, 3208, 71, 176]
42:[2653, 4344, 122, 71]
42:[3112, 4336, 122, 71]
43:[3297, 3816, 39, 120]
43:[941, 3817, 35, 120]
43:[1741, 3818, 24, 120]
43:[1434, 3818, 58, 120]
43:[1492, 3818, 25, 120]
43:[1715, 3818, 26, 120]
43:[2516, 4415, 80, 48]
43:[2596, 4415, 80, 48]
44:[3161, 3390, 32, 152]
44:[1285, 3386, 20, 152]
44:[3621, 3384, 17, 152]
44:[1755, 3394, 20, 152]
44:[288, 3393, 28, 152]
44:[2561, 3393, 32, 152]
44:[2593, 3393, 27, 152]
44:[2676, 4415, 58, 48]
44:[0, 4414, 58, 48]
45:[2702, 3816, 30, 128]
45:[3301, 3688, 36, 128]
45:[4350, 3688, 33, 128]
45:[2916, 3687, 41, 128]
45:[1489, 3690, 26, 128]
45:[2916, 3815, 32, 128]
45:[1173, 4415, 64, 52]
45:[2452, 4415, 64, 52]
46:[1934, 3208, 152, 176]
46:[3977, 3208, 112, 176]
46:[4089, 3208, 106, 176]
46:[3320, 3208, 116, 176]
46:[2639, 3210, 83, 176]
46:[2086, 3208, 147, 176]
46:[3436, 3208, 113, 176]
46:[384, 3701, 384, 128]
46:[0, 3701, 384, 128]
47:[1288, 2800, 65, 218]
47:[3659, 2800, 56, 218]
47:[4327, 2802, 106, 218]
47:[0, 2804, 49, 218]
47:[700, 4412, 112, 55]
47:[588, 4412, 112, 55]
48:[3739, 960, 167, 320]
48:[96, 1629, 95, 320]
48:[1547, 1280, 150, 320]
48:[1847, 1280, 149, 320]
48:[2720, 960, 172, 320]
48:[2654, 2816, 282, 202]
48:[1353, 3012, 282, 202]
49:[377, 1920, 93, 320]
49:[4776, 640, 193, 320]
49:[1996, 1280, 149, 320]
49:[4766, 3689, 144, 128]
49:[1345, 3690, 144, 128]
50:[161, 989, 160, 320]
50:[3807, 640, 196, 320]
50:[4683, 1280, 117, 320]
50:[1111, 1920, 91, 320]
50:[178, 2240, 44, 320]
50:[992, 3381, 221, 164]
50:[3640, 3381, 221, 164]
51:[1355, 1600, 112, 320]
51:[321, 1280, 160, 320]
51:[1090, 2240, 39, 320]
51:[4445, 1280, 119, 320]
51:[3026, 3390, 135, 154]
51:[2426, 3393, 135, 154]
52:[1697, 1280, 150, 320]
52:[4118, 1920, 62, 320]
52:[4890, 1600, 96, 320]
52:[5105, 0, 12, 320]
52:[1613, 3687, 87, 129]
52:[4088, 3686, 87, 129]
53:[4209, 1600, 98, 320]
53:[5105, 640, 11, 320]
53:[2734, 1280, 144, 320]
53:[4056, 1920, 62, 320]
53:[64, 4250, 122, 90]
53:[186, 4250, 122, 90]
54:[397, 2240, 43, 320]
54:[1734, 2240, 28, 320]
54:[1558, 320, 256, 320]
54:[2070, 320, 254, 320]
54:[3095, 2544, 112, 266]
54:[4327, 2536, 112, 266]
55:[526, 2240, 43, 320]
55:[2314, 1920, 81, 320]
55:[4764, 1920, 51, 320]
55:[2204, 4251, 29, 80]
55:[1432, 4251, 29, 80]
56:[5059, 1920, 46, 320]
56:[4815, 1920, 51, 320]
56:[3932, 1920, 62, 320]
56:[2968, 4458, 61, 42]
56:[3029, 4458, 61, 42]
57:[973, 2240, 39, 320]
57:[611, 2240, 42, 320]
57:[3609, 640, 198, 320]
57:[4788, 320, 233, 320]
57:[4591, 2804, 141, 212]
57:[4450, 2804, 141, 212]
58:[3411, 640, 198, 320]
58:[1558, 1920, 87, 320]
58:[4800, 1280, 117, 320]
58:[4534, 3208, 90, 176]
58:[4624, 3208, 90, 176]
59:[929, 1920, 91, 320]
59:[4986, 1600, 96, 320]
59:[653, 2240, 41, 320]
59:[817, 2240, 39, 320]
59:[1912, 4414, 119, 52]
59:[2031, 4414, 119, 52]
60:[1814, 320, 256, 320]
60:[1843, 2240, 26, 320]
60:[4401, 960, 165, 320]
60:[2235, 1600, 107, 320]
60:[3978, 2544, 106, 247]
60:[0, 2557, 106, 247]
61:[4075, 320, 245, 320]
61:[134, 1949, 44, 320]
61:[4564, 1280, 119, 320]
61:[1051, 2240, 39, 320]
61:[4554, 320, 234, 320]
61:[4625, 2528, 164, 276]
61:[4461, 2528, 164, 276]
62:[0, 1949, 46, 320]
62:[2071, 2240, 24, 320]
62:[2449, 1600, 106, 320]
62:[2233, 1920, 81, 320]
62:[1645, 1920, 86, 320]
62:[2085, 4251, 119, 84]
62:[2881, 4252, 119, 84]
63:[2892, 960, 171, 320]
63:[1138, 640, 215, 320]
63:[0, 989, 161, 320]
63:[895, 2240, 39, 320]
63:[4320, 320, 234, 320]
63:[735, 2240, 41, 320]
63:[247, 0, 247, 349]
63:[0, 0, 247, 349]
64:[4659, 1920, 53, 320]
64:[934, 2240, 39, 320]
64:[2476, 1920, 80, 320]
64:[3209, 4252, 29, 77]
64:[3180, 4252, 29, 77]
65:[2636, 1920, 80, 320]
65:[2547, 960, 173, 320]
65:[4866, 1920, 49, 320]
65:[4712, 1920, 52, 320]
65:[2824, 3210, 23, 173]
65:[2801, 3210, 23, 173]
66:[342, 1600, 113, 320]
66:[4915, 1920, 49, 320]
66:[1901, 1920, 84, 320]
66:[2625, 3935, 58, 106]
66:[3376, 3943, 58, 106]
67:[1817, 1920, 84, 320]
67:[0, 349, 231, 320]
67:[2395, 1920, 81, 320]
67:[2952, 1920, 76, 320]
67:[168, 2813, 112, 202]
67:[3095, 2810, 112, 202]
68:[1731, 1920, 86, 320]
68:[1127, 960, 183, 320]
68:[838, 1920, 91, 320]
68:[694, 2240, 41, 320]
68:[885, 4154, 170, 96]
68:[715, 4154, 170, 96]
69:[90, 1949, 44, 320]
69:[1202, 1920, 91, 320]
69:[2342, 1600, 107, 320]
69:[5010, 4051, 58, 103]
69:[2238, 4052, 58, 103]
70:[2047, 2240, 24, 320]
70:[310, 2240, 44, 320]
70:[4071, 960, 165, 320]
70:[1762, 2240, 28, 320]
70:[4890, 960, 161, 320]
70:[1630, 3379, 125, 167]
70:[4266, 3380, 125, 167]
71:[0, 1629, 96, 320]
71:[3830, 320, 245, 320]
71:[2878, 1280, 144, 320]
71:[1985, 1920, 84, 320]
71:[1106, 2560, 112, 240]
71:[994, 2560, 112, 240]
72:[1050, 2800, 44, 224]
72:[962, 2800, 44, 224]
72:[916, 2800, 46, 224]
72:[1094, 2800, 41, 224]
72:[325, 4411, 61, 61]
72:[264, 4411, 61, 61]
73:[4729, 3384, 39, 160]
73:[1311, 3385, 39, 160]
73:[4220, 3384, 39, 160]
73:[2801, 3383, 44, 160]
73:[3990, 4413, 58, 55]
73:[3874, 4413, 58, 55]
74:[1339, 2560, 52, 240]
74:[881, 2560, 113, 240]
74:[750, 2560, 131, 240]
74:[106, 2557, 42, 240]
74:[1218, 2560, 68, 240]
74:[1286, 2560, 53, 240]
74:[3556, 2808, 80, 208]
74:[4086, 2808, 80, 208]
75:[4913, 2240, 76, 288]
75:[4807, 2240, 106, 288]
75:[4461, 2240, 215, 288]
75:[4676, 2240, 131, 288]
75:[3032, 3204, 151, 186]
75:[2488, 3207, 151, 186]
76:[3549, 2544, 68, 264]
76:[3207, 2544, 159, 264]
76:[3366, 2544, 96, 264]
76:[3462, 2544, 87, 264]
76:[3617, 2544, 42, 264]
76:[1350, 3542, 167, 148]
76:[4768, 3541, 167, 148]
77:[3839, 2797, 93, 224]
77:[4074, 2791, 12, 224]
77:[750, 2800, 84, 224]
77:[4439, 2792, 11, 224]
77:[4217, 4249, 10, 93]
77:[4207, 4249, 10, 93]
78:[942, 3384, 42, 160]
78:[4649, 3384, 80, 160]
78:[3010, 3378, 16, 160]
78:[2722, 3385, 72, 160]
78:[1558, 4417, 80, 42]
78:[1638, 4417, 80, 42]
79:[2513, 2784, 112, 224]
79:[1006, 2800, 44, 224]
79:[106, 2797, 62, 224]
79:[3744, 2797, 95, 224]
79:[288, 3548, 61, 141]
79:[1284, 3682, 61, 141]
80:[1206, 2800, 28, 224]
80:[3932, 2797, 46, 224]
80:[1135, 2800, 39, 224]
80:[1234, 2800, 28, 224]
80:[1262, 2800, 26, 224]
80:[3932, 4413, 58, 55]
80:[3816, 4413, 58, 55]
81:[4419, 2240, 42, 296]
81:[4089, 2240, 171, 296]
81:[4260, 2240, 159, 296]
81:[1615, 3546, 119, 141]
81:[2839, 3546, 119, 141]
82:[4304, 1920, 62, 320]
82:[3913, 1600, 100, 320]
82:[4390, 640, 193, 320]
82:[1620, 2240, 29, 320]
82:[2716, 1920, 80, 320]
82:[1133, 3546, 151, 141]
82:[982, 3545, 151, 141]
83:[3409, 3384, 212, 160]
83:[1571, 3382, 46, 160]
83:[4773, 3381, 190, 160]
83:[4122, 3384, 98, 160]
83:[4488, 3384, 81, 160]
83:[721, 3384, 221, 160]
83:[1350, 3382, 221, 160]
84:[1249, 4489, 230, 4]
84:[3347, 4488, 108, 4]
84:[1148, 4493, 172, 4]
84:[4997, 2800, 122, 218]
84:[612, 2804, 122, 218]
85:[2090, 4155, 102, 96]
85:[1484, 4154, 167, 96]
85:[1283, 4155, 108, 96]
85:[3288, 4153, 254, 96]
85:[4387, 3685, 250, 138]
85:[3343, 3686, 250, 138]
86:[4766, 3817, 89, 128]
86:[3003, 3816, 196, 128]
86:[1613, 3816, 102, 128]
86:[4088, 3815, 219, 128]
86:[645, 3544, 247, 145]
86:[1775, 3544, 247, 145]
87:[1773, 3817, 94, 128]
87:[1773, 3689, 233, 128]
87:[1345, 3818, 89, 128]
87:[3003, 3688, 298, 128]
87:[170, 2560, 234, 253]
87:[3744, 2544, 234, 253]
88:[3199, 3816, 98, 128]
88:[768, 3817, 173, 128]
88:[1867, 3817, 94, 128]
88:[768, 3689, 202, 128]
88:[2936, 2816, 96, 202]
88:[280, 2813, 96, 202]
89:[3252, 4249, 43, 96]
89:[484, 4154, 231, 96]
89:[4267, 4155, 98, 96]
89:[2619, 4152, 266, 96]
89:[4789, 2800, 208, 221]
89:[404, 2804, 208, 221]
90:[2468, 4484, 41, 4]
90:[356, 4492, 183, 4]
90:[2468, 4480, 43, 4]
90:[967, 4493, 181, 4]
90:[3540, 4336, 208, 80]
90:[1560, 4337, 208, 80]
91:[4693, 4154, 145, 96]
91:[1391, 4155, 87, 96]
91:[2292, 4249, 52, 96]
91:[2344, 4249, 49, 96]
91:[4691, 4411, 144, 58]
91:[386, 4411, 144, 58]
92:[3207, 2808, 204, 208]
92:[4166, 2808, 66, 208]
92:[3411, 2808, 145, 208]
92:[49, 2804, 52, 208]
92:[4691, 4337, 202, 74]
92:[622, 4338, 202, 74]
93:[3640, 3213, 219, 168]
93:[2847, 3378, 56, 168]
93:[4773, 3213, 204, 168]
93:[133, 3213, 32, 168]
93:[1054, 4335, 231, 80]
93:[2881, 4336, 231, 80]
94:[1391, 2788, 324, 224]
94:[3978, 2791, 96, 224]
94:[1715, 2788, 219, 224]
94:[2409, 2788, 102, 224]
94:[834, 2800, 82, 224]
94:[397, 3384, 324, 160]
94:[1934, 3384, 324, 160]
95:[2656, 2544, 439, 272]
95:[4089, 2536, 94, 272]
95:[4272, 2536, 55, 272]
95:[4789, 2528, 324, 272]
95:[4183, 2536, 89, 272]
95:[3343, 3545, 432, 141]
95:[3775, 3545, 432, 141]
96:[3106, 4491, 94, 1]
96:[4161, 4467, 21, 1]
96:[4205, 4491, 94, 1]
96:[3475, 4468, 21, 1]
96:[2007, 4054, 45, 97]
96:[1001, 4054, 45, 97]
97:[3659, 2240, 106, 304]
97:[3546, 2240, 113, 304]
97:[3859, 2240, 86, 304]
97:[3945, 2240, 68, 304]
97:[4013, 2240, 39, 304]
97:[3765, 2240, 94, 304]
97:[4052, 2240, 37, 304]
97:[168, 3207, 151, 186]
97:[1770, 3208, 151, 186]
98:[3861, 3384, 135, 160]
98:[4391, 3384, 97, 160]
98:[2258, 3384, 145, 160]
98:[5016, 3378, 100, 160]
98:[1613, 4054, 144, 100]
98:[0, 4054, 144, 100]
99:[1517, 3542, 53, 144]
99:[5016, 3538, 55, 144]
99:[4935, 3541, 27, 144]
99:[1285, 3538, 24, 144]
99:[5071, 3538, 46, 144]
99:[4343, 4409, 71, 61]
99:[129, 4411, 71, 61]
100:[2625, 3823, 63, 112]
100:[4001, 3822, 72, 112]
100:[2948, 3818, 55, 112]
100:[4733, 3821, 32, 112]
100:[4414, 4409, 71, 61]
100:[58, 4411, 71, 61]
101:[2642, 4248, 64, 96]
101:[5073, 4135, 43, 96]
101:[2706, 4248, 63, 96]
101:[2769, 4248, 56, 96]
101:[3234, 4345, 55, 71]
101:[2397, 4345, 55, 71]
102:[2624, 2240, 16, 320]
102:[4366, 1920, 61, 320]
102:[1997, 2240, 25, 320]
102:[1921, 2240, 26, 320]
102:[1535, 4338, 10, 61]
102:[1545, 4338, 10, 61]
103:[1566, 640, 210, 320]
103:[3499, 1600, 104, 320]
103:[2250, 2240, 17, 320]
103:[4566, 960, 162, 320]
103:[1303, 3946, 192, 106]
103:[0, 3948, 192, 106]
104:[987, 0, 493, 320]
104:[2640, 2240, 16, 320]
104:[483, 2240, 43, 320]
104:[1924, 0, 444, 320]
104:[1613, 3948, 484, 106]
104:[3747, 3947, 484, 106]
105:[1480, 0, 444, 320]
105:[1947, 2240, 25, 320]
105:[2796, 1920, 78, 320]
105:[2216, 2240, 17, 320]
105:[3456, 0, 332, 320]
105:[632, 3945, 432, 109]
105:[2944, 3944, 432, 109]
106:[4405, 1600, 97, 320]
106:[4728, 960, 162, 320]
106:[2318, 2240, 17, 320]
106:[3906, 960, 165, 320]
106:[1651, 4154, 160, 96]
106:[1811, 4154, 160, 96]
107:[2578, 320, 254, 320]
107:[4236, 960, 165, 320]
107:[2352, 2240, 17, 320]
107:[460, 640, 228, 320]
107:[577, 2560, 173, 244]
107:[404, 2560, 173, 244]
108:[231, 349, 229, 320]
108:[688, 640, 228, 320]
108:[2420, 2240, 17, 320]
108:[2832, 320, 253, 320]
108:[2285, 2560, 228, 228]
108:[2057, 2560, 228, 228]
109:[3085, 320, 253, 320]
109:[2488, 2240, 17, 320]
109:[3788, 0, 301, 320]
109:[2607, 2240, 17, 320]
109:[568, 960, 187, 320]
109:[3010, 3544, 333, 144]
109:[2022, 3544, 333, 144]
110:[1243, 1280, 152, 320]
110:[5013, 1920, 46, 320]
110:[2127, 1600, 108, 320]
110:[916, 640, 222, 320]
110:[381, 960, 187, 320]
110:[2199, 2240, 17, 320]
110:[357, 3544, 288, 157]
110:[0, 3542, 288, 157]
111:[1395, 1280, 152, 320]
111:[2335, 2240, 17, 320]
111:[1689, 1600, 110, 320]
111:[440, 2240, 43, 320]
111:[2278, 4461, 151, 36]
111:[2734, 4461, 151, 36]
112:[4089, 0, 301, 320]
112:[2505, 2240, 17, 320]
112:[941, 960, 186, 320]
112:[794, 1600, 113, 320]
112:[55, 4488, 301, 16]
112:[55, 4472, 301, 16]
113:[2199, 960, 174, 320]
113:[2284, 2240, 17, 320]
113:[3395, 1600, 104, 320]
113:[1776, 640, 208, 320]
113:[2522, 2240, 17, 320]
113:[4685, 3945, 205, 106]
113:[4890, 3945, 205, 106]
114:[563, 1920, 93, 320]
114:[2556, 2240, 17, 320]
114:[470, 1920, 93, 320]
114:[2590, 2240, 17, 320]
114:[3283, 4468, 96, 20]
114:[3379, 4468, 96, 20]
115:[191, 1920, 93, 320]
115:[2573, 2240, 17, 320]
115:[4793, 1600, 97, 320]
115:[935, 4473, 96, 16]
115:[3106, 4475, 96, 16]
116:[284, 1920, 93, 320]
116:[2437, 2240, 17, 320]
116:[681, 1600, 113, 320]
116:[2233, 2240, 17, 320]
116:[1419, 4473, 112, 16]
116:[4205, 4473, 112, 16]
117:[1533, 2240, 29, 320]
117:[2022, 2240, 25, 320]
117:[354, 2240, 43, 320]
117:[2429, 4467, 39, 23]
117:[781, 4467, 39, 23]
118:[222, 2240, 44, 320]
118:[1799, 1600, 110, 320]
118:[2267, 2240, 17, 320]
118:[2874, 1920, 78, 320]
118:[588, 4467, 113, 32]
118:[4048, 4465, 113, 32]
119:[3124, 0, 332, 320]
119:[2301, 2240, 17, 320]
119:[4502, 1600, 97, 320]
119:[2454, 2240, 17, 320]
119:[1984, 640, 208, 320]
119:[4693, 4051, 317, 103]
119:[1064, 4052, 317, 103]
120:[2373, 960, 174, 320]
120:[2386, 2240, 17, 320]
120:[3571, 960, 168, 320]
120:[2471, 2240, 17, 320]
120:[1757, 4466, 173, 32]
120:[1930, 4466, 173, 32]
121:[3403, 960, 168, 320]
121:[2539, 2240, 17, 320]
121:[3233, 960, 170, 320]
121:[1249, 4473, 170, 16]
121:[386, 4469, 170, 16]
122:[3063, 960, 170, 320]
122:[2369, 2240, 17, 320]
122:[755, 960, 186, 320]
122:[781, 4490, 186, 4]
122:[4849, 4491, 186, 4]
123:[5023, 2240, 17, 288]
123:[85, 2269, 17, 288]
123:[5057, 2240, 17, 288]
123:[5091, 2240, 17, 288]
123:[17, 2269, 17, 288]
123:[34, 2269, 17, 288]
123:[68, 2269, 17, 288]
123:[119, 2269, 17, 288]
123:[1718, 4417, 39, 39]
123:[3699, 4455, 39, 39]
124:[3727, 2544, 17, 256]
124:[3710, 2544, 17, 256]
124:[3693, 2544, 17, 256]
124:[3659, 2544, 17, 256]
124:[4439, 2536, 17, 256]
124:[3676, 2544, 17, 256]
124:[153, 2269, 17, 256]
124:[153, 2525, 17, 256]
124:[3218, 4458, 39, 39]
124:[1718, 4456, 39, 39]
125:[5006, 2240, 17, 288]
125:[51, 2269, 17, 288]
125:[5040, 2240, 17, 288]
125:[0, 2269, 17, 288]
125:[102, 2269, 17, 288]
125:[5074, 2240, 17, 288]
125:[136, 2269, 17, 288]
125:[4989, 2240, 17, 288]
125:[1535, 4459, 39, 39]
125:[3699, 4416, 39, 39]
126:[4307, 3688, 43, 128]
126:[1257, 3687, 26, 128]
126:[2732, 3816, 29, 128]
126:[2702, 3688, 44, 128]
126:[4910, 3689, 25, 128]
126:[2584, 4463, 65, 36]
126:[2649, 4463, 65, 36]
127:[3324, 2240, 222, 304]
127:[2656, 2240, 439, 304]
127:[3095, 2240, 229, 304]
127:[1560, 4250, 432, 87]
127:[4259, 4251, 432, 87]
128:[1909, 1600, 109, 320]
128:[0, 1309, 116, 320]
128:[116, 1309, 113, 320]
128:[3695, 1280, 132, 320]
128:[1768, 4337, 208, 77]
128:[1976, 4337, 208, 77]
129:[2018, 1600, 109, 320]
129:[1591, 2240, 29, 320]
129:[656, 1920, 91, 320]
129:[2204, 4331, 77, 77]
129:[5004, 4330, 77, 77]
130:[1706, 2240, 28, 320]
130:[3431, 1280, 132, 320]
130:[2588, 1280, 146, 320]
130:[2804, 640, 204, 320]
130:[3593, 3686, 180, 138]
130:[4935, 3685, 180, 138]
131:[1817, 2240, 26, 320]
131:[2192, 640, 204, 320]
131:[2396, 640, 204, 320]
131:[2761, 3943, 183, 113]
131:[3564, 3940, 183, 113]
132:[2600, 640, 204, 320]
132:[494, 0, 493, 320]
132:[1292, 320, 266, 320]
132:[1239, 2240, 36, 320]
132:[0, 4154, 484, 96]
132:[3783, 4153, 484, 96]
133:[494, 320, 266, 320]
133:[1670, 960, 178, 320]
133:[939, 1280, 152, 320]
133:[2119, 2240, 21, 320]
133:[366, 3829, 266, 113]
133:[366, 3942, 266, 113]
134:[1091, 1280, 152, 320]
134:[1020, 1920, 91, 320]
134:[4599, 1600, 97, 320]
134:[5105, 320, 11, 320]
134:[1757, 4054, 125, 100]
134:[1882, 4054, 125, 100]
135:[747, 1920, 91, 320]
135:[2180, 2240, 19, 320]
135:[4696, 1600, 97, 320]
135:[574, 4250, 48, 90]
135:[526, 4250, 48, 90]
136:[3945, 4249, 29, 96]
136:[4003, 4249, 28, 96]
136:[4057, 4249, 26, 96]
136:[3490, 4249, 36, 96]
136:[2393, 4249, 43, 96]
136:[2833, 4412, 48, 48]
136:[1237, 4415, 48, 48]
137:[2620, 3393, 19, 144]
137:[2355, 3544, 43, 144]
137:[2398, 3544, 21, 144]
137:[4963, 3381, 11, 144]
137:[5099, 4398, 16, 42]
137:[4941, 4408, 16, 42]
138:[3549, 3208, 91, 176]
138:[4714, 3208, 59, 176]
138:[2379, 3208, 51, 176]
138:[2233, 3208, 146, 176]
138:[4637, 3685, 93, 138]
138:[982, 3686, 93, 138]
139:[4997, 3018, 66, 192]
139:[4715, 3016, 68, 192]
139:[3789, 3021, 59, 192]
139:[3646, 3018, 82, 192]
139:[935, 4409, 96, 64]
139:[1285, 4409, 96, 64]
140:[1288, 3018, 64, 192]
140:[901, 3024, 23, 192]
140:[4268, 3020, 66, 192]
140:[729, 3024, 39, 192]
140:[824, 4409, 39, 68]
140:[2239, 4408, 39, 68]
141:[1169, 4155, 114, 96]
141:[3974, 4249, 29, 96]
141:[2296, 4153, 178, 96]
141:[2825, 4248, 56, 96]
141:[228, 3829, 138, 116]
141:[3564, 3824, 138, 116]
142:[4957, 4154, 116, 96]
142:[3820, 4249, 32, 96]
142:[1055, 4155, 114, 96]
142:[3916, 4249, 29, 96]
142:[417, 4250, 109, 90]
142:[308, 4250, 109, 90]
143:[4205, 4490, 114, 1]
143:[4161, 4466, 29, 1]
143:[4205, 4489, 114, 1]
143:[4161, 4465, 29, 1]
143:[4802, 4250, 109, 87]
143:[4693, 4250, 109, 87]
144:[928, 4250, 77, 88]
144:[1005, 4250, 49, 88]
144:[622, 4250, 116, 88]
144:[738, 4250, 113, 88]
144:[976, 3824, 96, 112]
144:[1517, 3822, 96, 112]
145:[5095, 3927, 23, 104]
145:[2410, 3945, 71, 104]
145:[3434, 3943, 77, 104]
145:[4513, 3948, 69, 104]
145:[1381, 4409, 77, 64]
145:[1458, 4409, 77, 64]
146:[851, 4250, 77, 88]
146:[4227, 4249, 16, 88]
146:[1483, 4250, 77, 88]
146:[4243, 4249, 16, 88]
146:[2183, 4476, 77, 16]
146:[4957, 4475, 77, 16]
147:[2690, 4048, 69, 104]
147:[4683, 4051, 10, 104]
147:[192, 4049, 69, 104]
147:[2508, 4051, 41, 104]
147:[2281, 4345, 58, 71]
147:[0, 4343, 58, 71]
148:[2442, 4049, 66, 104]
148:[2589, 4051, 10, 104]
148:[4306, 3948, 69, 104]
148:[3376, 4049, 41, 104]
148:[1102, 4415, 71, 52]
148:[1031, 4415, 71, 52]
149:[4231, 4047, 69, 104]
149:[5095, 4031, 20, 104]
149:[2376, 4049, 66, 104]
149:[3503, 4047, 61, 104]
149:[4627, 4409, 64, 61]
149:[200, 4411, 64, 61]
150:[3347, 4492, 61, 1]
150:[2885, 4461, 13, 1]
150:[3106, 4492, 61, 1]
150:[2885, 4464, 13, 1]
150:[5107, 4327, 13, 61]
150:[1036, 4338, 13, 61]
151:[2097, 3948, 71, 104]
151:[2599, 4051, 10, 104]
151:[3434, 4047, 69, 104]
151:[329, 3945, 35, 104]
151:[3289, 4413, 71, 55]
151:[3360, 4413, 71, 55]
152:[4375, 3948, 69, 104]
152:[2609, 4051, 10, 104]
152:[1206, 3948, 71, 104]
152:[2549, 4051, 40, 104]
152:[2775, 4344, 58, 71]
152:[2339, 4345, 58, 71]
153:[261, 4049, 68, 104]
153:[329, 4049, 20, 104]
153:[1495, 4043, 69, 104]
153:[2308, 4049, 68, 104]
153:[4207, 4409, 68, 64]
153:[4275, 4409, 68, 64]
154:[2429, 4492, 68, 1]
154:[2714, 4463, 13, 1]
154:[2183, 4492, 68, 1]
154:[2714, 4464, 13, 1]
154:[4849, 4476, 68, 13]
154:[820, 4477, 68, 13]
155:[2474, 4155, 100, 96]
155:[3337, 4249, 41, 96]
155:[3684, 4156, 68, 96]
155:[5073, 4231, 43, 96]
155:[3499, 4458, 100, 39]
155:[3599, 4458, 100, 39]
156:[3788, 4249, 32, 96]
156:[3884, 4249, 32, 96]
156:[3752, 4249, 36, 96]
156:[1971, 4154, 119, 96]
156:[2192, 4155, 100, 96]
156:[4838, 4154, 119, 96]
156:[2761, 3822, 100, 119]
156:[2525, 3823, 100, 119]
157:[5004, 4250, 32, 80]
157:[1471, 4251, 10, 80]
157:[5036, 4250, 32, 80]
157:[1461, 4251, 10, 80]
157:[556, 4479, 32, 10]
157:[556, 4469, 32, 10]
158:[2621, 4048, 69, 104]
158:[3417, 4049, 10, 104]
158:[4231, 3943, 75, 104]
158:[1564, 4043, 41, 104]
158:[4485, 4409, 71, 61]
158:[4556, 4409, 71, 61]
159:[3108, 4156, 72, 96]
159:[4031, 4249, 26, 96]
159:[2885, 4156, 75, 96]
159:[4138, 4249, 5, 96]
159:[2184, 4408, 55, 68]
159:[4078, 4345, 55, 68]
160:[4582, 3948, 69, 104]
160:[1277, 3948, 20, 104]
160:[2239, 3948, 69, 104]
160:[2168, 3948, 71, 104]
160:[4143, 4342, 64, 71]
160:[4893, 4337, 64, 71]
161:[2429, 4490, 71, 1]
161:[2885, 4462, 13, 1]
161:[2429, 4491, 71, 1]
161:[2885, 4463, 13, 1]
161:[5094, 4327, 13, 71]
161:[5081, 4327, 13, 71]
162:[2958, 3682, 45, 136]
162:[3773, 3686, 96, 136]
162:[2958, 3546, 45, 136]
162:[1075, 3686, 34, 136]
162:[3950, 3686, 71, 136]
162:[4730, 3685, 36, 136]
162:[4539, 4155, 77, 96]
162:[4616, 4155, 77, 96]
163:[228, 3945, 73, 104]
163:[1605, 4043, 8, 104]
163:[4444, 3948, 69, 104]
163:[4651, 3948, 32, 104]
163:[3431, 4413, 68, 55]
163:[3748, 4413, 68, 55]
164:[1064, 3948, 71, 104]
164:[1297, 3948, 5, 104]
164:[2683, 3944, 73, 104]
164:[349, 4049, 16, 104]
164:[4835, 4411, 58, 58]
164:[530, 4411, 58, 58]
165:[1734, 3546, 39, 136]
165:[4021, 3686, 34, 136]
165:[3869, 3686, 81, 136]
165:[4055, 3686, 33, 136]
165:[1734, 3682, 39, 136]
165:[1517, 3686, 96, 136]
165:[3542, 4156, 71, 96]
165:[3613, 4156, 71, 96]
166:[962, 4054, 39, 100]
166:[3288, 4053, 87, 100]
166:[144, 4054, 41, 100]
166:[4113, 4053, 89, 100]
166:[4911, 4250, 93, 87]
166:[1992, 4250, 93, 87]
167:[4452, 4155, 87, 96]
167:[2436, 4249, 37, 96]
167:[4365, 4155, 87, 96]
167:[3417, 4249, 37, 96]
167:[2473, 4251, 90, 84]
167:[3000, 4252, 90, 84]
168:[4083, 4249, 14, 96]
168:[3180, 4156, 72, 96]
168:[1478, 4155, 5, 96]
168:[2574, 4248, 68, 96]
168:[863, 4409, 36, 68]
168:[899, 4409, 36, 68]
169:[5115, 4031, 5, 104]
169:[2339, 3945, 71, 104]
169:[5095, 3823, 24, 104]
169:[1135, 3948, 71, 104]
169:[4893, 4408, 48, 68]
169:[2833, 4344, 48, 68]
170:[3996, 3384, 126, 160]
170:[319, 3388, 38, 160]
170:[1213, 3386, 72, 160]
170:[2403, 3384, 23, 160]
170:[3972, 4345, 106, 68]
170:[3112, 4407, 106, 68]
171:[3852, 4249, 32, 96]
171:[3526, 4249, 14, 96]
171:[3378, 4249, 39, 96]
171:[4097, 4249, 11, 96]
171:[888, 4477, 39, 13]
171:[5079, 4479, 39, 13]
172:[3454, 4249, 36, 96]
172:[4130, 4249, 8, 96]
172:[4119, 4249, 11, 96]
172:[3295, 4249, 42, 96]
172:[4108, 4249, 11, 96]
172:[2468, 4467, 45, 13]
172:[5034, 4475, 45, 13]
173:[3978, 3016, 149, 192]
173:[855, 3024, 23, 192]
173:[4334, 3020, 64, 192]
173:[1005, 3024, 10, 192]
173:[49, 3021, 61, 192]
173:[3728, 3021, 61, 192]
173:[168, 3015, 186, 192]
173:[2339, 3823, 186, 122]
173:[4855, 3823, 186, 122]
174:[1015, 3024, 10, 192]
174:[4911, 3021, 42, 192]
174:[5108, 3018, 10, 192]
174:[4953, 3021, 42, 192]
174:[4192, 4413, 10, 42]
174:[812, 4412, 10, 42]
175:[5063, 3018, 45, 192]
175:[3373, 3016, 149, 192]
175:[2646, 3018, 140, 192]
175:[4127, 3016, 141, 192]
175:[354, 3015, 48, 192]
175:[800, 3024, 32, 192]
175:[0, 3829, 228, 119]
175:[3336, 3824, 228, 119]
176:[4398, 3020, 32, 192]
176:[2987, 3018, 45, 192]
176:[768, 3024, 32, 192]
176:[3893, 3021, 45, 192]
176:[3499, 4413, 32, 45]
176:[2150, 4414, 32, 45]
177:[4783, 3021, 43, 192]
177:[4433, 3016, 141, 192]
177:[2786, 3018, 103, 192]
177:[924, 3024, 20, 192]
177:[155, 3021, 13, 192]
177:[992, 3024, 13, 192]
177:[944, 3024, 16, 192]
177:[1381, 4052, 103, 103]
177:[3680, 4053, 103, 103]
178:[4869, 3021, 42, 192]
178:[110, 3021, 45, 192]
178:[4826, 3021, 43, 192]
178:[612, 3022, 39, 192]
178:[2368, 4416, 42, 45]
178:[2410, 4416, 42, 45]
179:[878, 3024, 23, 192]
179:[0, 3022, 42, 192]
179:[832, 3024, 23, 192]
179:[3848, 3021, 45, 192]
179:[2881, 4416, 23, 45]
179:[1535, 4399, 23, 45]
180:[192, 669, 189, 320]
180:[569, 2240, 42, 320]
180:[856, 2240, 39, 320]
180:[1293, 1920, 89, 320]
180:[2145, 1280, 148, 320]
180:[3827, 1280, 126, 320]
180:[2324, 320, 254, 320]
180:[1724, 2560, 333, 228]
180:[1391, 2560, 333, 228]