[1431, 3214, 71, 168]
[1025, 3213, 241, 168]
[583, 3214, 89, 168]
[397, 3214, 186, 168]
[4227, 4338, 241, 71]
[1285, 4338, 241, 71]
[1635, 3211, 91, 168]
[4266, 3212, 140, 168]
[3859, 3213, 89, 168]
[2847, 3210, 180, 168]
[2903, 3378, 55, 168]
[4300, 4052, 228, 103]
[2944, 4053, 228, 103]
[800, 3216, 64, 168]
[4977, 3378, 39, 168]
[4995, 3210, 103, 168]
[42, 3213, 91, 168]
[1350, 3214, 81, 168]
[2958, 3378, 52, 168]
[3948, 3213, 26, 168]
[4207, 3547, 90, 141]
[4297, 3547, 90, 141]
[2722, 3210, 39, 175]
[2781, 3210, 20, 175]
[1311, 3210, 39, 175]
[2761, 3210, 20, 175]
[5099, 4440, 20, 39]
[3090, 4416, 20, 39]
[358, 3207, 39, 181]
[3183, 3204, 13, 181]
[319, 3207, 39, 181]
[1921, 3208, 13, 181]
[4192, 4455, 13, 39]
[3257, 4458, 13, 39]
[2436, 3204, 39, 188]
[2475, 3204, 13, 188]
[1227, 3024, 39, 188]
[1266, 3024, 13, 188]
[1574, 4459, 13, 39]
[3270, 4458, 13, 39]
[690, 3022, 39, 192]
[960, 3024, 16, 192]
[651, 3022, 39, 192]
[976, 3024, 16, 192]
[3090, 4455, 16, 39]
[4941, 4450, 16, 39]
[5041, 3823, 48, 112]
[677, 3829, 45, 112]
[4685, 3823, 48, 112]
[632, 3829, 45, 112]
[2734, 4415, 48, 45]
[2782, 4415, 48, 45]
[937, 3544, 45, 144]
[2794, 3543, 45, 144]
[892, 3544, 45, 144]
[1570, 3542, 45, 144]
[2278, 4416, 45, 45]
[2323, 4416, 45, 45]
[672, 3216, 64, 168]
[1726, 3211, 42, 168]
[736, 3216, 64, 168]
[0, 3214, 42, 168]
[2904, 4458, 64, 42]
[3218, 4416, 64, 42]
[864, 3216, 64, 168]
[5105, 3210, 7, 168]
[928, 3216, 64, 168]
[5098, 3210, 7, 168]
[420, 4485, 64, 7]
[3283, 4488, 64, 7]
[1566, 3214, 64, 168]
[5112, 3210, 7, 168]
[1502, 3214, 64, 168]
[1266, 3212, 7, 168]
[484, 4485, 64, 7]
[356, 4485, 64, 7]
[2747, 0, 377, 320]
[2293, 1280, 148, 320]
[3338, 320, 246, 320]
[4391, 3544, 349, 141]
[2419, 3547, 349, 141]
[2152, 1920, 81, 320]
[3022, 1280, 141, 320]
[2661, 1600, 106, 320]
[1848, 960, 177, 320]
[2511, 3008, 135, 199]
[1635, 3012, 135, 199]
[787, 1280, 152, 320]
[5105, 1280, 10, 320]
[1353, 640, 213, 320]
[3543, 1920, 68, 320]
[4631, 4470, 218, 26]
[1031, 4467, 218, 26]
[2555, 1600, 106, 320]
[2025, 960, 174, 320]
[3291, 1600, 104, 320]
[4003, 640, 194, 320]
[3773, 3822, 228, 125]
[1075, 3823, 228, 125]
[3584, 320, 246, 320]
[2556, 1920, 80, 320]
[4324, 1280, 121, 320]
[229, 1600, 113, 320]
[402, 3025, 202, 189]
[1025, 3024, 202, 189]
[3807, 1920, 63, 320]
[1439, 2240, 32, 320]
[1131, 1600, 112, 320]
[1470, 1920, 88, 320]
[1895, 2240, 26, 320]
[2525, 3942, 96, 109]
[1517, 3934, 96, 109]
[1490, 960, 180, 320]
[3563, 1280, 132, 320]
[3028, 1920, 75, 320]
[4545, 1920, 58, 320]
[1026, 320, 266, 320]
[1790, 2240, 27, 320]
[3707, 1600, 103, 320]
[2022, 3688, 340, 135]
[2362, 3688, 340, 135]
[3328, 1920, 75, 320]
[1471, 2240, 32, 320]
[3187, 1600, 104, 320]
[3403, 1920, 70, 320]
[3408, 4345, 119, 68]
[3289, 4345, 119, 68]
[1972, 2240, 25, 320]
[3473, 1920, 70, 320]
[3744, 1920, 63, 320]
[2516, 4463, 68, 36]
[1587, 4459, 68, 36]
[1382, 1920, 88, 320]
[0, 669, 192, 320]
[1467, 1600, 111, 320]
[1012, 2240, 39, 320]
[1243, 4251, 189, 84]
[1054, 4251, 189, 84]
[4672, 0, 282, 320]
[1275, 2240, 35, 320]
[1578, 1600, 111, 320]
[3211, 640, 200, 320]
[4111, 1600, 98, 320]
[2160, 2240, 20, 320]
[632, 4054, 330, 100]
[3783, 4053, 330, 100]
[1019, 1600, 112, 320]
[3611, 1920, 68, 320]
[1649, 2240, 29, 320]
[3008, 640, 203, 320]
[3163, 1280, 134, 320]
[4964, 1920, 49, 320]
[2255, 2788, 154, 224]
[2101, 2788, 154, 224]
[3603, 1600, 104, 320]
[3178, 1920, 75, 320]
[4486, 1920, 59, 320]
[266, 2240, 44, 320]
[1407, 2240, 32, 320]
[907, 1600, 112, 320]
[2768, 3687, 148, 135]
[1109, 3687, 148, 135]
[3297, 1280, 134, 320]
[2368, 0, 379, 320]
[3953, 1280, 125, 320]
[4583, 640, 193, 320]
[1961, 3823, 378, 125]
[4307, 3823, 378, 125]
[1243, 1600, 112, 320]
[1869, 2240, 26, 320]
[4078, 1280, 125, 320]
[3748, 4345, 112, 68]
[3860, 4345, 112, 68]
[4197, 640, 193, 320]
[776, 2240, 41, 320]
[481, 1280, 153, 320]
[64, 4340, 180, 71]
[2473, 4344, 180, 71]
[3679, 1920, 65, 320]
[634, 1280, 153, 320]
[1310, 2240, 33, 320]
[3253, 1920, 75, 320]
[4048, 4413, 144, 52]
[1768, 4414, 144, 52]
[4917, 1280, 116, 320]
[4603, 1920, 56, 320]
[3103, 1920, 75, 320]
[1203, 2240, 36, 320]
[4180, 1920, 62, 320]
[2904, 4416, 164, 42]
[3531, 4416, 164, 42]
[4242, 1920, 62, 320]
[1503, 2240, 30, 320]
[46, 1949, 44, 320]
[1655, 4459, 55, 36]
[0, 4462, 55, 36]
[2069, 1920, 83, 320]
[4427, 1920, 59, 320]
[1166, 2240, 37, 320]
[701, 4467, 80, 29]
[2103, 4466, 80, 29]
[1129, 2240, 37, 320]
[4307, 1600, 98, 320]
[3994, 1920, 62, 320]
[4957, 4407, 71, 68]
[5028, 4407, 71, 68]
[2441, 1280, 147, 320]
[3870, 1920, 62, 320]
[1562, 2240, 29, 320]
[1310, 960, 180, 320]
[244, 4340, 180, 71]
[424, 4340, 180, 71]
[4390, 0, 282, 320]
[1375, 2240, 32, 320]
[760, 320, 266, 320]
[2095, 2240, 24, 320]
[4343, 4470, 288, 26]
[3738, 4468, 288, 26]
[568, 1600, 113, 320]
[3810, 1600, 103, 320]
[1343, 2240, 32, 320]
[2977, 1600, 105, 320]
[3564, 4053, 116, 103]
[3172, 4053, 116, 103]
[2872, 1600, 105, 320]
[1678, 2240, 28, 320]
[3082, 1600, 105, 320]
[5105, 960, 10, 320]
[3090, 4252, 90, 84]
[3540, 4252, 90, 84]
[2767, 1600, 105, 320]
[2140, 2240, 20, 320]
[4203, 1280, 121, 320]
[2960, 4156, 74, 96]
[3034, 4156, 74, 96]
[455, 1600, 113, 320]
[2403, 2240, 17, 320]
[4013, 1600, 98, 320]
[0, 4250, 64, 93]
[4143, 4249, 64, 93]
[0, 3382, 148, 160]
[2639, 3386, 71, 160]
[3196, 3384, 213, 160]
[4569, 3384, 80, 160]
[4468, 4338, 212, 71]
[824, 4338, 212, 71]
[2889, 3018, 98, 192]
[2436, 3012, 75, 192]
[3032, 3012, 174, 192]
[4574, 3016, 141, 192]
[3938, 3021, 39, 192]
[3522, 3016, 124, 192]
[3206, 3016, 167, 192]
[2103, 3012, 333, 196]
[1770, 3012, 333, 196]
[2513, 2560, 132, 224]
[2625, 2784, 29, 224]
[1934, 2788, 167, 224]
[1174, 2800, 32, 224]
[2097, 4052, 141, 103]
[4528, 4052, 141, 103]
[1279, 3210, 32, 176]
[4430, 3208, 104, 176]
[3196, 3208, 124, 176]
[4195, 3208, 71, 176]
[2653, 4344, 122, 71]
[3112, 4336, 122, 71]
[3297, 3816, 39, 120]
[941, 3817, 35, 120]
[1741, 3818, 24, 120]
[1434, 3818, 58, 120]
[1492, 3818, 25, 120]
[1715, 3818, 26, 120]
[2516, 4415, 80, 48]
[2596, 4415, 80, 48]
[3161, 3390, 32, 152]
[1285, 3386, 20, 152]
[3621, 3384, 17, 152]
[1755, 3394, 20, 152]
[288, 3393, 28, 152]
[2561, 3393, 32, 152]
[2593, 3393, 27, 152]
[2676, 4415, 58, 48]
[0, 4414, 58, 48]
[2702, 3816, 30, 128]
[3301, 3688, 36, 128]
[4350, 3688, 33, 128]
[2916, 3687, 41, 128]
[1489, 3690, 26, 128]
[2916, 3815, 32, 128]
[1173, 4415, 64, 52]
[2452, 4415, 64, 52]
[1934, 3208, 152, 176]
[3977, 3208, 112, 176]
[4089, 3208, 106, 176]
[3320, 3208, 116, 176]
[2639, 3210, 83, 176]
[2086, 3208, 147, 176]
[3436, 3208, 113, 176]
[384, 3701, 384, 128]
[0, 3701, 384, 128]
[1288, 2800, 65, 218]
[3659, 2800, 56, 218]
[4327, 2802, 106, 218]
[0, 2804, 49, 218]
[700, 4412, 112, 55]
[588, 4412, 112, 55]
[3739, 960, 167, 320]
[96, 1629, 95, 320]
[1547, 1280, 150, 320]
[1847, 1280, 149, 320]
[2720, 960, 172, 320]
[2654, 2816, 282, 202]
[1353, 3012, 282, 202]
[377, 1920, 93, 320]
[4776, 640, 193, 320]
[1996, 1280, 149, 320]
[4766, 3689, 144, 128]
[1345, 3690, 144, 128]
[161, 989, 160, 320]
[3807, 640, 196, 320]
[4683, 1280, 117, 320]
[1111, 1920, 91, 320]
[178, 2240, 44, 320]
[992, 3381, 221, 164]
[3640, 3381, 221, 164]
[1355, 1600, 112, 320]
[321, 1280, 160, 320]
[1090, 2240, 39, 320]
[4445, 1280, 119, 320]
[3026, 3390, 135, 154]
[2426, 3393, 135, 154]
[1697, 1280, 150, 320]
[4118, 1920, 62, 320]
[4890, 1600, 96, 320]
[5105, 0, 12, 320]
[1613, 3687, 87, 129]
[4088, 3686, 87, 129]
[4209, 1600, 98, 320]
[5105, 640, 11, 320]
[2734, 1280, 144, 320]
[4056, 1920, 62, 320]
[64, 4250, 122, 90]
[186, 4250, 122, 90]
[397, 2240, 43, 320]
[1734, 2240, 28, 320]
[1558, 320, 256, 320]
[2070, 320, 254, 320]
[3095, 2544, 112, 266]
[4327, 2536, 112, 266]
[526, 2240, 43, 320]
[2314, 1920, 81, 320]
[4764, 1920, 51, 320]
[2204, 4251, 29, 80]
[1432, 4251, 29, 80]
[5059, 1920, 46, 320]
[4815, 1920, 51, 320]
[3932, 1920, 62, 320]
[2968, 4458, 61, 42]
[3029, 4458, 61, 42]
[973, 2240, 39, 320]
[611, 2240, 42, 320]
[3609, 640, 198, 320]
[4788, 320, 233, 320]
[4591, 2804, 141, 212]
[4450, 2804, 141, 212]
[3411, 640, 198, 320]
[1558, 1920, 87, 320]
[4800, 1280, 117, 320]
[4534, 3208, 90, 176]
[4624, 3208, 90, 176]
[929, 1920, 91, 320]
[4986, 1600, 96, 320]
[653, 2240, 41, 320]
[817, 2240, 39, 320]
[1912, 4414, 119, 52]
[2031, 4414, 119, 52]
[1814, 320, 256, 320]
[1843, 2240, 26, 320]
[4401, 960, 165, 320]
[2235, 1600, 107, 320]
[3978, 2544, 106, 247]
[0, 2557, 106, 247]
[4075, 320, 245, 320]
[134, 1949, 44, 320]
[4564, 1280, 119, 320]
[1051, 2240, 39, 320]
[4554, 320, 234, 320]
[4625, 2528, 164, 276]
[4461, 2528, 164, 276]
[0, 1949, 46, 320]
[2071, 2240, 24, 320]
[2449, 1600, 106, 320]
[2233, 1920, 81, 320]
[1645, 1920, 86, 320]
[2085, 4251, 119, 84]
[2881, 4252, 119, 84]
[2892, 960, 171, 320]
[1138, 640, 215, 320]
[0, 989, 161, 320]
[895, 2240, 39, 320]
[4320, 320, 234, 320]
[735, 2240, 41, 320]
[247, 0, 247, 349]
[0, 0, 247, 349]
[4659, 1920, 53, 320]
[934, 2240, 39, 320]
[2476, 1920, 80, 320]
[3209, 4252, 29, 77]
[3180, 4252, 29, 77]
[2636, 1920, 80, 320]
[2547, 960, 173, 320]
[4866, 1920, 49, 320]
[4712, 1920, 52, 320]
[2824, 3210, 23, 173]
[2801, 3210, 23, 173]
[342, 1600, 113, 320]
[4915, 1920, 49, 320]
[1901, 1920, 84, 320]
[2625, 3935, 58, 106]
[3376, 3943, 58, 106]
[1817, 1920, 84, 320]
[0, 349, 231, 320]
[2395, 1920, 81, 320]
[2952, 1920, 76, 320]
[168, 2813, 112, 202]
[3095, 2810, 112, 202]
[1731, 1920, 86, 320]
[1127, 960, 183, 320]
[838, 1920, 91, 320]
[694, 2240, 41, 320]
[885, 4154, 170, 96]
[715, 4154, 170, 96]
[90, 1949, 44, 320]
[1202, 1920, 91, 320]
[2342, 1600, 107, 320]
[5010, 4051, 58, 103]
[2238, 4052, 58, 103]
[2047, 2240, 24, 320]
[310, 2240, 44, 320]
[4071, 960, 165, 320]
[1762, 2240, 28, 320]
[4890, 960, 161, 320]
[1630, 3379, 125, 167]
[4266, 3380, 125, 167]
[0, 1629, 96, 320]
[3830, 320, 245, 320]
[2878, 1280, 144, 320]
[1985, 1920, 84, 320]
[1106, 2560, 112, 240]
[994, 2560, 112, 240]
[1050, 2800, 44, 224]
[962, 2800, 44, 224]
[916, 2800, 46, 224]
[1094, 2800, 41, 224]
[325, 4411, 61, 61]
[264, 4411, 61, 61]
[4729, 3384, 39, 160]
[1311, 3385, 39, 160]
[4220, 3384, 39, 160]
[2801, 3383, 44, 160]
[3990, 4413, 58, 55]
[3874, 4413, 58, 55]
[1339, 2560, 52, 240]
[881, 2560, 113, 240]
[750, 2560, 131, 240]
[106, 2557, 42, 240]
[1218, 2560, 68, 240]
[1286, 2560, 53, 240]
[3556, 2808, 80, 208]
[4086, 2808, 80, 208]
[4913, 2240, 76, 288]
[4807, 2240, 106, 288]
[4461, 2240, 215, 288]
[4676, 2240, 131, 288]
[3032, 3204, 151, 186]
[2488, 3207, 151, 186]
[3549, 2544, 68, 264]
[3207, 2544, 159, 264]
[3366, 2544, 96, 264]
[3462, 2544, 87, 264]
[3617, 2544, 42, 264]
[1350, 3542, 167, 148]
[4768, 3541, 167, 148]
[3839, 2797, 93, 224]
[4074, 2791, 12, 224]
[750, 2800, 84, 224]
[4439, 2792, 11, 224]
[4217, 4249, 10, 93]
[4207, 4249, 10, 93]
[942, 3384, 42, 160]
[4649, 3384, 80, 160]
[3010, 3378, 16, 160]
[2722, 3385, 72, 160]
[1558, 4417, 80, 42]
[1638, 4417, 80, 42]
[2513, 2784, 112, 224]
[1006, 2800, 44, 224]
[106, 2797, 62, 224]
[3744, 2797, 95, 224]
[288, 3548, 61, 141]
[1284, 3682, 61, 141]
[1206, 2800, 28, 224]
[3932, 2797, 46, 224]
[1135, 2800, 39, 224]
[1234, 2800, 28, 224]
[1262, 2800, 26, 224]
[3932, 4413, 58, 55]
[3816, 4413, 58, 55]
[4419, 2240, 42, 296]
[4089, 2240, 171, 296]
[4260, 2240, 159, 296]
[1615, 3546, 119, 141]
[2839, 3546, 119, 141]
[4304, 1920, 62, 320]
[3913, 1600, 100, 320]
[4390, 640, 193, 320]
[1620, 2240, 29, 320]
[2716, 1920, 80, 320]
[1133, 3546, 151, 141]
[982, 3545, 151, 141]
[3409, 3384, 212, 160]
[1571, 3382, 46, 160]
[4773, 3381, 190, 160]
[4122, 3384, 98, 160]
[4488, 3384, 81, 160]
[721, 3384, 221, 160]
[1350, 3382, 221, 160]
[1249, 4489, 230, 4]
[3347, 4488, 108, 4]
[1148, 4493, 172, 4]
[4997, 2800, 122, 218]
[612, 2804, 122, 218]
[2090, 4155, 102, 96]
[1484, 4154, 167, 96]
[1283, 4155, 108, 96]
[3288, 4153, 254, 96]
[4387, 3685, 250, 138]
[3343, 3686, 250, 138]
[4766, 3817, 89, 128]
[3003, 3816, 196, 128]
[1613, 3816, 102, 128]
[4088, 3815, 219, 128]
[645, 3544, 247, 145]
[1775, 3544, 247, 145]
[1773, 3817, 94, 128]
[1773, 3689, 233, 128]
[1345, 3818, 89, 128]
[3003, 3688, 298, 128]
[170, 2560, 234, 253]
[3744, 2544, 234, 253]
[3199, 3816, 98, 128]
[768, 3817, 173, 128]
[1867, 3817, 94, 128]
[768, 3689, 202, 128]
[2936, 2816, 96, 202]
[280, 2813, 96, 202]
[3252, 4249, 43, 96]
[484, 4154, 231, 96]
[4267, 4155, 98, 96]
[2619, 4152, 266, 96]
[4789, 2800, 208, 221]
[404, 2804, 208, 221]
[2468, 4484, 41, 4]
[356, 4492, 183, 4]
[2468, 4480, 43, 4]
[967, 4493, 181, 4]
[3540, 4336, 208, 80]
[1560, 4337, 208, 80]
[4693, 4154, 145, 96]
[1391, 4155, 87, 96]
[2292, 4249, 52, 96]
[2344, 4249, 49, 96]
[4691, 4411, 144, 58]
[386, 4411, 144, 58]
[3207, 2808, 204, 208]
[4166, 2808, 66, 208]
[3411, 2808, 145, 208]
[49, 2804, 52, 208]
[4691, 4337, 202, 74]
[622, 4338, 202, 74]
[3640, 3213, 219, 168]
[2847, 3378, 56, 168]
[4773, 3213, 204, 168]
[133, 3213, 32, 168]
[1054, 4335, 231, 80]
[2881, 4336, 231, 80]
[1391, 2788, 324, 224]
[3978, 2791, 96, 224]
[1715, 2788, 219, 224]
[2409, 2788, 102, 224]
[834, 2800, 82, 224]
[397, 3384, 324, 160]
[1934, 3384, 324, 160]
[2656, 2544, 439, 272]
[4089, 2536, 94, 272]
[4272, 2536, 55, 272]
[4789, 2528, 324, 272]
[4183, 2536, 89, 272]
[3343, 3545, 432, 141]
[3775, 3545, 432, 141]
[3106, 4491, 94, 1]
[4161, 4467, 21, 1]
[4205, 4491, 94, 1]
[3475, 4468, 21, 1]
[2007, 4054, 45, 97]
[1001, 4054, 45, 97]
[3659, 2240, 106, 304]
[3546, 2240, 113, 304]
[3859, 2240, 86, 304]
[3945, 2240, 68, 304]
[4013, 2240, 39, 304]
[3765, 2240, 94, 304]
[4052, 2240, 37, 304]
[168, 3207, 151, 186]
[1770, 3208, 151, 186]
[3861, 3384, 135, 160]
[4391, 3384, 97, 160]
[2258, 3384, 145, 160]
[5016, 3378, 100, 160]
[1613, 4054, 144, 100]
[0, 4054, 144, 100]
[1517, 3542, 53, 144]
[5016, 3538, 55, 144]
[4935, 3541, 27, 144]
[1285, 3538, 24, 144]
[5071, 3538, 46, 144]
[4343, 4409, 71, 61]
[129, 4411, 71, 61]
[2625, 3823, 63, 112]
[4001, 3822, 72, 112]
[2948, 3818, 55, 112]
[4733, 3821, 32, 112]
[4414, 4409, 71, 61]
[58, 4411, 71, 61]
[2642, 4248, 64, 96]
[5073, 4135, 43, 96]
[2706, 4248, 63, 96]
[2769, 4248, 56, 96]
[3234, 4345, 55, 71]
[2397, 4345, 55, 71]
[2624, 2240, 16, 320]
[4366, 1920, 61, 320]
[1997, 2240, 25, 320]
[1921, 2240, 26, 320]
[1535, 4338, 10, 61]
[1545, 4338, 10, 61]
[1566, 640, 210, 320]
[3499, 1600, 104, 320]
[2250, 2240, 17, 320]
[4566, 960, 162, 320]
[1303, 3946, 192, 106]
[0, 3948, 192, 106]
[987, 0, 493, 320]
[2640, 2240, 16, 320]
[483, 2240, 43, 320]
[1924, 0, 444, 320]
[1613, 3948, 484, 106]
[3747, 3947, 484, 106]
[1480, 0, 444, 320]
[1947, 2240, 25, 320]
[2796, 1920, 78, 320]
[2216, 2240, 17, 320]
[3456, 0, 332, 320]
[632, 3945, 432, 109]
[2944, 3944, 432, 109]
[4405, 1600, 97, 320]
[4728, 960, 162, 320]
[2318, 2240, 17, 320]
[3906, 960, 165, 320]
[1651, 4154, 160, 96]
[1811, 4154, 160, 96]
[2578, 320, 254, 320]
[4236, 960, 165, 320]
[2352, 2240, 17, 320]
[460, 640, 228, 320]
[577, 2560, 173, 244]
[404, 2560, 173, 244]
[231, 349, 229, 320]
[688, 640, 228, 320]
[2420, 2240, 17, 320]
[2832, 320, 253, 320]
[2285, 2560, 228, 228]
[2057, 2560, 228, 228]
[3085, 320, 253, 320]
[2488, 2240, 17, 320]
[3788, 0, 301, 320]
[2607, 2240, 17, 320]
[568, 960, 187, 320]
[3010, 3544, 333, 144]
[2022, 3544, 333, 144]
[1243, 1280, 152, 320]
[5013, 1920, 46, 320]
[2127, 1600, 108, 320]
[916, 640, 222, 320]
[381, 960, 187, 320]
[2199, 2240, 17, 320]
[357, 3544, 288, 157]
[0, 3542, 288, 157]
[1395, 1280, 152, 320]
[2335, 2240, 17, 320]
[1689, 1600, 110, 320]
[440, 2240, 43, 320]
[2278, 4461, 151, 36]
[2734, 4461, 151, 36]
[4089, 0, 301, 320]
[2505, 2240, 17, 320]
[941, 960, 186, 320]
[794, 1600, 113, 320]
[55, 4488, 301, 16]
[55, 4472, 301, 16]
[2199, 960, 174, 320]
[2284, 2240, 17, 320]
[3395, 1600, 104, 320]
[1776, 640, 208, 320]
[2522, 2240, 17, 320]
[4685, 3945, 205, 106]
[4890, 3945, 205, 106]
[563, 1920, 93, 320]
[2556, 2240, 17, 320]
[470, 1920, 93, 320]
[2590, 2240, 17, 320]
[3283, 4468, 96, 20]
[3379, 4468, 96, 20]
[191, 1920, 93, 320]
[2573, 2240, 17, 320]
[4793, 1600, 97, 320]
[935, 4473, 96, 16]
[3106, 4475, 96, 16]
[284, 1920, 93, 320]
[2437, 2240, 17, 320]
[681, 1600, 113, 320]
[2233, 2240, 17, 320]
[1419, 4473, 112, 16]
[4205, 4473, 112, 16]
[1533, 2240, 29, 320]
[2022, 2240, 25, 320]
[354, 2240, 43, 320]
[2429, 4467, 39, 23]
[781, 4467, 39, 23]
[222, 2240, 44, 320]
[1799, 1600, 110, 320]
[2267, 2240, 17, 320]
[2874, 1920, 78, 320]
[588, 4467, 113, 32]
[4048, 4465, 113, 32]
[3124, 0, 332, 320]
[2301, 2240, 17, 320]
[4502, 1600, 97, 320]
[2454, 2240, 17, 320]
[1984, 640, 208, 320]
[4693, 4051, 317, 103]
[1064, 4052, 317, 103]
[2373, 960, 174, 320]
[2386, 2240, 17, 320]
[3571, 960, 168, 320]
[2471, 2240, 17, 320]
[1757, 4466, 173, 32]
[1930, 4466, 173, 32]
[3403, 960, 168, 320]
[2539, 2240, 17, 320]
[3233, 960, 170, 320]
[1249, 4473, 170, 16]
[386, 4469, 170, 16]
[3063, 960, 170, 320]
[2369, 2240, 17, 320]
[755, 960, 186, 320]
[781, 4490, 186, 4]
[4849, 4491, 186, 4]
[5023, 2240, 17, 288]
[85, 2269, 17, 288]
[5057, 2240, 17, 288]
[5091, 2240, 17, 288]
[17, 2269, 17, 288]
[34, 2269, 17, 288]
[68, 2269, 17, 288]
[119, 2269, 17, 288]
[1718, 4417, 39, 39]
[3699, 4455, 39, 39]
[3727, 2544, 17, 256]
[3710, 2544, 17, 256]
[3693, 2544, 17, 256]
[3659, 2544, 17, 256]
[4439, 2536, 17, 256]
[3676, 2544, 17, 256]
[153, 2269, 17, 256]
[153, 2525, 17, 256]
[3218, 4458, 39, 39]
[1718, 4456, 39, 39]
[5006, 2240, 17, 288]
[51, 2269, 17, 288]
[5040, 2240, 17, 288]
[0, 2269, 17, 288]
[102, 2269, 17, 288]
[5074, 2240, 17, 288]
[136, 2269, 17, 288]
[4989, 2240, 17, 288]
[1535, 4459, 39, 39]
[3699, 4416, 39, 39]
[4307, 3688, 43, 128]
[1257, 3687, 26, 128]
[2732, 3816, 29, 128]
[2702, 3688, 44, 128]
[4910, 3689, 25, 128]
[2584, 4463, 65, 36]
[2649, 4463, 65, 36]
[3324, 2240, 222, 304]
[2656, 2240, 439, 304]
[3095, 2240, 229, 304]
[1560, 4250, 432, 87]
[4259, 4251, 432, 87]
[1909, 1600, 109, 320]
[0, 1309, 116, 320]
[116, 1309, 113, 320]
[3695, 1280, 132, 320]
[1768, 4337, 208, 77]
[1976, 4337, 208, 77]
[2018, 1600, 109, 320]
[1591, 2240, 29, 320]
[656, 1920, 91, 320]
[2204, 4331, 77, 77]
[5004, 4330, 77, 77]
[1706, 2240, 28, 320]
[3431, 1280, 132, 320]
[2588, 1280, 146, 320]
[2804, 640, 204, 320]
[3593, 3686, 180, 138]
[4935, 3685, 180, 138]
[1817, 2240, 26, 320]
[2192, 640, 204, 320]
[2396, 640, 204, 320]
[2761, 3943, 183, 113]
[3564, 3940, 183, 113]
[2600, 640, 204, 320]
[494, 0, 493, 320]
[1292, 320, 266, 320]
[1239, 2240, 36, 320]
[0, 4154, 484, 96]
[3783, 4153, 484, 96]
[494, 320, 266, 320]
[1670, 960, 178, 320]
[939, 1280, 152, 320]
[2119, 2240, 21, 320]
[366, 3829, 266, 113]
[366, 3942, 266, 113]
[1091, 1280, 152, 320]
[1020, 1920, 91, 320]
[4599, 1600, 97, 320]
[5105, 320, 11, 320]
[1757, 4054, 125, 100]
[1882, 4054, 125, 100]
[747, 1920, 91, 320]
[2180, 2240, 19, 320]
[4696, 1600, 97, 320]
[574, 4250, 48, 90]
[526, 4250, 48, 90]
[3945, 4249, 29, 96]
[4003, 4249, 28, 96]
[4057, 4249, 26, 96]
[3490, 4249, 36, 96]
[2393, 4249, 43, 96]
[2833, 4412, 48, 48]
[1237, 4415, 48, 48]
[2620, 3393, 19, 144]
[2355, 3544, 43, 144]
[2398, 3544, 21, 144]
[4963, 3381, 11, 144]
[5099, 4398, 16, 42]
[4941, 4408, 16, 42]
[3549, 3208, 91, 176]
[4714, 3208, 59, 176]
[2379, 3208, 51, 176]
[2233, 3208, 146, 176]
[4637, 3685, 93, 138]
[982, 3686, 93, 138]
[4997, 3018, 66, 192]
[4715, 3016, 68, 192]
[3789, 3021, 59, 192]
[3646, 3018, 82, 192]
[935, 4409, 96, 64]
[1285, 4409, 96, 64]
[1288, 3018, 64, 192]
[901, 3024, 23, 192]
[4268, 3020, 66, 192]
[729, 3024, 39, 192]
[824, 4409, 39, 68]
[2239, 4408, 39, 68]
[1169, 4155, 114, 96]
[3974, 4249, 29, 96]
[2296, 4153, 178, 96]
[2825, 4248, 56, 96]
[228, 3829, 138, 116]
[3564, 3824, 138, 116]
[4957, 4154, 116, 96]
[3820, 4249, 32, 96]
[1055, 4155, 114, 96]
[3916, 4249, 29, 96]
[417, 4250, 109, 90]
[308, 4250, 109, 90]
[4205, 4490, 114, 1]
[4161, 4466, 29, 1]
[4205, 4489, 114, 1]
[4161, 4465, 29, 1]
[4802, 4250, 109, 87]
[4693, 4250, 109, 87]
[928, 4250, 77, 88]
[1005, 4250, 49, 88]
[622, 4250, 116, 88]
[738, 4250, 113, 88]
[976, 3824, 96, 112]
[1517, 3822, 96, 112]
[5095, 3927, 23, 104]
[2410, 3945, 71, 104]
[3434, 3943, 77, 104]
[4513, 3948, 69, 104]
[1381, 4409, 77, 64]
[1458, 4409, 77, 64]
[851, 4250, 77, 88]
[4227, 4249, 16, 88]
[1483, 4250, 77, 88]
[4243, 4249, 16, 88]
[2183, 4476, 77, 16]
[4957, 4475, 77, 16]
[2690, 4048, 69, 104]
[4683, 4051, 10, 104]
[192, 4049, 69, 104]
[2508, 4051, 41, 104]
[2281, 4345, 58, 71]
[0, 4343, 58, 71]
[2442, 4049, 66, 104]
[2589, 4051, 10, 104]
[4306, 3948, 69, 104]
[3376, 4049, 41, 104]
[1102, 4415, 71, 52]
[1031, 4415, 71, 52]
[4231, 4047, 69, 104]
[5095, 4031, 20, 104]
[2376, 4049, 66, 104]
[3503, 4047, 61, 104]
[4627, 4409, 64, 61]
[200, 4411, 64, 61]
[3347, 4492, 61, 1]
[2885, 4461, 13, 1]
[3106, 4492, 61, 1]
[2885, 4464, 13, 1]
[5107, 4327, 13, 61]
[1036, 4338, 13, 61]
[2097, 3948, 71, 104]
[2599, 4051, 10, 104]
[3434, 4047, 69, 104]
[329, 3945, 35, 104]
[3289, 4413, 71, 55]
[3360, 4413, 71, 55]
[4375, 3948, 69, 104]
[2609, 4051, 10, 104]
[1206, 3948, 71, 104]
[2549, 4051, 40, 104]
[2775, 4344, 58, 71]
[2339, 4345, 58, 71]
[261, 4049, 68, 104]
[329, 4049, 20, 104]
[1495, 4043, 69, 104]
[2308, 4049, 68, 104]
[4207, 4409, 68, 64]
[4275, 4409, 68, 64]
[2429, 4492, 68, 1]
[2714, 4463, 13, 1]
[2183, 4492, 68, 1]
[2714, 4464, 13, 1]
[4849, 4476, 68, 13]
[820, 4477, 68, 13]
[2474, 4155, 100, 96]
[3337, 4249, 41, 96]
[3684, 4156, 68, 96]
[5073, 4231, 43, 96]
[3499, 4458, 100, 39]
[3599, 4458, 100, 39]
[3788, 4249, 32, 96]
[3884, 4249, 32, 96]
[3752, 4249, 36, 96]
[1971, 4154, 119, 96]
[2192, 4155, 100, 96]
[4838, 4154, 119, 96]
[2761, 3822, 100, 119]
[2525, 3823, 100, 119]
[5004, 4250, 32, 80]
[1471, 4251, 10, 80]
[5036, 4250, 32, 80]
[1461, 4251, 10, 80]
[556, 4479, 32, 10]
[556, 4469, 32, 10]
[2621, 4048, 69, 104]
[3417, 4049, 10, 104]
[4231, 3943, 75, 104]
[1564, 4043, 41, 104]
[4485, 4409, 71, 61]
[4556, 4409, 71, 61]
[3108, 4156, 72, 96]
[4031, 4249, 26, 96]
[2885, 4156, 75, 96]
[4138, 4249, 5, 96]
[2184, 4408, 55, 68]
[4078, 4345, 55, 68]
[4582, 3948, 69, 104]
[1277, 3948, 20, 104]
[2239, 3948, 69, 104]
[2168, 3948, 71, 104]
[4143, 4342, 64, 71]
[4893, 4337, 64, 71]
[2429, 4490, 71, 1]
[2885, 4462, 13, 1]
[2429, 4491, 71, 1]
[2885, 4463, 13, 1]
[5094, 4327, 13, 71]
[5081, 4327, 13, 71]
[2958, 3682, 45, 136]
[3773, 3686, 96, 136]
[2958, 3546, 45, 136]
[1075, 3686, 34, 136]
[3950, 3686, 71, 136]
[4730, 3685, 36, 136]
[4539, 4155, 77, 96]
[4616, 4155, 77, 96]
[228, 3945, 73, 104]
[1605, 4043, 8, 104]
[4444, 3948, 69, 104]
[4651, 3948, 32, 104]
[3431, 4413, 68, 55]
[3748, 4413, 68, 55]
[1064, 3948, 71, 104]
[1297, 3948, 5, 104]
[2683, 3944, 73, 104]
[349, 4049, 16, 104]
[4835, 4411, 58, 58]
[530, 4411, 58, 58]
[1734, 3546, 39, 136]
[4021, 3686, 34, 136]
[3869, 3686, 81, 136]
[4055, 3686, 33, 136]
[1734, 3682, 39, 136]
[1517, 3686, 96, 136]
[3542, 4156, 71, 96]
[3613, 4156, 71, 96]
[962, 4054, 39, 100]
[3288, 4053, 87, 100]
[144, 4054, 41, 100]
[4113, 4053, 89, 100]
[4911, 4250, 93, 87]
[1992, 4250, 93, 87]
[4452, 4155, 87, 96]
[2436, 4249, 37, 96]
[4365, 4155, 87, 96]
[3417, 4249, 37, 96]
[2473, 4251, 90, 84]
[3000, 4252, 90, 84]
[4083, 4249, 14, 96]
[3180, 4156, 72, 96]
[1478, 4155, 5, 96]
[2574, 4248, 68, 96]
[863, 4409, 36, 68]
[899, 4409, 36, 68]
[5115, 4031, 5, 104]
[2339, 3945, 71, 104]
[5095, 3823, 24, 104]
[1135, 3948, 71, 104]
[4893, 4408, 48, 68]
[2833, 4344, 48, 68]
[3996, 3384, 126, 160]
[319, 3388, 38, 160]
[1213, 3386, 72, 160]
[2403, 3384, 23, 160]
[3972, 4345, 106, 68]
[3112, 4407, 106, 68]
[3852, 4249, 32, 96]
[3526, 4249, 14, 96]
[3378, 4249, 39, 96]
[4097, 4249, 11, 96]
[888, 4477, 39, 13]
[5079, 4479, 39, 13]
[3454, 4249, 36, 96]
[4130, 4249, 8, 96]
[4119, 4249, 11, 96]
[3295, 4249, 42, 96]
[4108, 4249, 11, 96]
[2468, 4467, 45, 13]
[5034, 4475, 45, 13]
[3978, 3016, 149, 192]
[855, 3024, 23, 192]
[4334, 3020, 64, 192]
[1005, 3024, 10, 192]
[49, 3021, 61, 192]
[3728, 3021, 61, 192]
[168, 3015, 186, 192]
[2339, 3823, 186, 122]
[4855, 3823, 186, 122]
[1015, 3024, 10, 192]
[4911, 3021, 42, 192]
[5108, 3018, 10, 192]
[4953, 3021, 42, 192]
[4192, 4413, 10, 42]
[812, 4412, 10, 42]
[5063, 3018, 45, 192]
[3373, 3016, 149, 192]
[2646, 3018, 140, 192]
[4127, 3016, 141, 192]
[354, 3015, 48, 192]
[800, 3024, 32, 192]
[0, 3829, 228, 119]
[3336, 3824, 228, 119]
[4398, 3020, 32, 192]
[2987, 3018, 45, 192]
[768, 3024, 32, 192]
[3893, 3021, 45, 192]
[3499, 4413, 32, 45]
[2150, 4414, 32, 45]
[4783, 3021, 43, 192]
[4433, 3016, 141, 192]
[2786, 3018, 103, 192]
[924, 3024, 20, 192]
[155, 3021, 13, 192]
[992, 3024, 13, 192]
[944, 3024, 16, 192]
[1381, 4052, 103, 103]
[3680, 4053, 103, 103]
[4869, 3021, 42, 192]
[110, 3021, 45, 192]
[4826, 3021, 43, 192]
[612, 3022, 39, 192]
[2368, 4416, 42, 45]
[2410, 4416, 42, 45]
[878, 3024, 23, 192]
[0, 3022, 42, 192]
[832, 3024, 23, 192]
[3848, 3021, 45, 192]
[2881, 4416, 23, 45]
[1535, 4399, 23, 45]
[192, 669, 189, 320]
[569, 2240, 42, 320]
[856, 2240, 39, 320]
[1293, 1920, 89, 320]
[2145, 1280, 148, 320]
[3827, 1280, 126, 320]
[2324, 320, 254, 320]
[1724, 2560, 333, 228]
[1391, 2560, 333, 228]